3 0.7419488188976378 0.6258661417322835 0.4328346456692913 0.6520078740157481
3 0.11614173228346457 0.6604330708661418 0.23228346456692914 0.4035433070866142
4 0.6048622047244094 0.27728346456692915 0.05744094488188989 0.05984251968503933
4 0.24964566929133858 0.4429527559055118 0.11545275590551177 0.05086614173228342
1 0.36234251968503933 0.34336614173228347 0.10657480314960627 0.11885826771653542
1 0.2398031496062992 0.3841338582677165 0.1351377952755905 0.09915354330708662
1 0.6711811023622049 0.16996062992125985 0.2762992125984252 0.2051377952755905
4 0.3571850393700787 0.5411023622047244 0.18437007874015743 0.22748031496062981
2 0.7234251968503937 0.609251968503937 0.44291338582677164 0.781496062992126
2 0.3712598425196851 0.4932874015748031 0.20124015748031499 0.28374015748031495
2 0.16141732283464566 0.7007874015748031 0.3228346456692913 0.5984251968503937