3 0.25798828125 0.6229296875 0.429453125 0.6469140625
3 0.880859375 0.65759765625 0.23269531249999997 0.40093749999999995
4 0.39400390625 0.2770703125 0.05699218750000001 0.05937499999999998
4 0.7464453125 0.4414453125 0.11455078124999996 0.05046874999999995
1 0.63462890625 0.34263671875 0.10574218749999997 0.11792968749999999
1 0.7562109375 0.3830859375 0.13408203124999996 0.09837890625000001
1 0.328203125 0.1705859375 0.274140625 0.20353515624999996
4 0.63974609375 0.538828125 0.18292968749999994 0.22570312499999995
2 0.27796875 0.60974609375 0.4396875 0.7805078125
2 0.62578125 0.49138671874999995 0.19966796875000004 0.2815234374999999
2 0.8369140625 0.7001953125 0.326171875 0.599609375