3 0.2541468253968254 0.3790873015873016 0.43626984126984125 0.6571825396825397
3 0.8839285714285714 0.34424603174603174 0.23214285714285715 0.40674603174603174
4 0.39232142857142854 0.7304365079365079 0.05789682539682541 0.06031746031746027
4 0.7503571428571428 0.563452380952381 0.11636904761904758 0.051269841269841104
1 0.6367658730158731 0.6638293650793651 0.10742063492063489 0.1198015873015873
1 0.7602777777777778 0.6227380952380953 0.13621031746031742 0.0999404761904762
1 0.3254761904761905 0.8386111111111111 0.2784920634920635 0.2067658730158731
4 0.6419642857142858 0.4645238095238095 0.18583333333333327 0.22928571428571418
2 0.2728174603174603 0.3948412698412698 0.44642857142857145 0.7896825396825397
2 0.6277777777777778 0.512718253968254 0.20283730158730162 0.28599206349206346
2 0.8382936507936508 0.30257936507936506 0.32341269841269843 0.6051587301587301