1 0.8125 0.9004237288135594 0.2097457627118644 0.19915254237288135
1 0.5751271186440677 0.8122245762711865 0.09758474576271199 0.13300847457627113
1 0.3652966101694915 0.7895338983050847 0.21061440677966106 0.22076271186440688
1 0.1504237288135593 0.8983050847457628 0.21610169491525424 0.2033898305084746
4 0.12470338983050848 0.8672033898305085 0.1652754237288136 0.15622881355932206
4 0.3683262711864407 0.7045550847457628 0.13192796610169488 0.09716101694915256
4 0.574364406779661 0.7522033898305084 0.09305084745762703 0.041186440677966216
4 0.8051271186440677 0.787521186440678 0.15805084745762718 0.085593220338983
3 0.09427966101694915 0.4470338983050847 0.1885593220338983 0.788135593220339
3 0.3385593220338983 0.31171610169491526 0.26004237288135595 0.6225211864406778
3 0.8573093220338982 0.38182203389830516 0.267478813559322 0.6033898305084745
3 0.5753813559322034 0.5215042372881356 0.17375 0.36639830508474575
2 0.5791525423728814 0.471843220338983 0.19644067796610176 0.5958686440677966
2 0.8538135593220338 0.4194915254237288 0.2923728813559322 0.7923728813559322
2 0.3411016949152542 0.375 0.2669491525423729 0.75
2 0.11440677966101695 0.4671610169491525 0.2288135593220339 0.934322033898305