1 0.22751968503937003 0.861515748031496 0.19511811023622047 0.19671259842519698
1 0.4498818897637796 0.7743503937007874 0.0906692913385828 0.12358267716535427
1 0.6448425196850395 0.753267716535433 0.1956889763779529 0.20511811023622056
1 0.844488188976378 0.8799212598425197 0.20078740157480315 0.24015748031496062
4 0.8683858267716535 0.8254330708661417 0.15356299212598423 0.14515748031496065
4 0.6420275590551181 0.6743110236220473 0.12257874015748028 0.09027559055118113
4 0.4505905511811023 0.7185826771653543 0.08645669291338574 0.03826771653543318
4 0.23618110236220477 0.7513976377952757 0.14685039370078745 0.07952755905511806
3 0.9037598425196851 0.43492125984251967 0.19248031496062987 0.7321653543307085
3 0.6696850393700787 0.3093110236220472 0.24161417322834647 0.5784055118110235
3 0.18769685039370082 0.37444881889763787 0.2485236220472441 0.5606299212598425
3 0.4496456692913386 0.5042322834645668 0.16143700787401574 0.34043307086614183
2 0.44614173228346454 0.4580905511811023 0.18251968503937013 0.5536417322834646
2 0.1815944881889764 0.40889763779527566 0.28696850393700785 0.7363582677165353
2 0.6654527559055118 0.3648622047244095 0.2481692913385828 0.700728346456693
2 0.8858267716535433 0.4438976377952756 0.2283464566929134 0.8877952755905512