1 0.7664453125 0.14130859375 0.19359375 0.19517578125
1 0.5458203125 0.22779296875 0.08996093750000012 0.12261718749999997
1 0.3523828125 0.2487109375 0.19416015625000005 0.20351562499999998
1 0.155 0.12177734374999999 0.19839843750000002 0.24353515625
4 0.1305859375 0.177109375 0.15236328125000004 0.14402343750000002
4 0.35517578125 0.32705078125 0.12162109374999996 0.08957031250000003
4 0.5451171875 0.283125 0.08578124999999992 0.037968749999999996
4 0.7578515625 0.25056640625 0.14570312500000004 0.07890624999999998
3 0.09548828125 0.5645703125 0.1909765625 0.7264453124999999
3 0.327734375 0.68919921875 0.23972656250000002 0.5738867187499999
3 0.80595703125 0.6245703125 0.24658203125 0.5562499999999999
3 0.5460546875 0.49580078125 0.16017578124999998 0.3377734375
2 0.54953125 0.54158203125 0.18109375000000005 0.54931640625
2 0.81201171875 0.590390625 0.28472656249999995 0.7306054687499999
2 0.33193359375 0.63408203125 0.24623046875 0.69525390625
2 0.11408203125 0.558125 0.2281640625 0.88375