1 0.9149159663865546 0.5063025210084033 0.17016806722689076 0.3235294117647059
1 0.7486764705882353 0.4177310924369748 0.21525210084033622 0.24983193277310928
1 0.4653361344537815 0.46121848739495797 0.36384453781512616 0.5048739495798319
1 0.2950420168067227 0.27119747899159663 0.3223739495798319 0.33489495798319335
3 0.5472689075630253 0.9180672268907563 0.6533613445378151 0.1638655462184874
3 0.9201680672268907 0.9054621848739496 0.15966386554621848 0.18907563025210083
3 0.2605042016806723 0.8151260504201681 0.36134453781512604 0.3697478991596639
3 0.773109243697479 0.8350840336134454 0.20168067226890757 0.32983193277310924
4 0.2502941176470588 0.4287394957983194 0.17586134453781507 0.09178571428571428
2 0.25945378151260506 0.7205882352941176 0.2920168067226891 0.5588235294117647
2 0.5042016806722689 0.7804621848739496 0.5462184873949579 0.43907563025210083
2 0.7899159663865546 0.7710084033613446 0.2857142857142857 0.4579831932773109
2 0.8949579831932774 0.8098739495798319 0.21008403361344538 0.3802521008403361