1 0.08091286307053942 0.495850622406639 0.16182572614107885 0.31950207468879666
1 0.24197095435684646 0.40838174273858924 0.2125726141078839 0.24672199170124484
1 0.5217842323651453 0.4513278008298755 0.3593153526970955 0.49858921161825726
1 0.6899585062240664 0.26367219917012447 0.3183609958506223 0.33072614107883824
3 0.4408713692946058 0.9107883817427386 0.6452282157676349 0.17842323651452283
3 0.07572614107883817 0.8983402489626556 0.15145228215767634 0.2033195020746888
3 0.7240663900414938 0.8091286307053942 0.35684647302904565 0.3817427385892116
3 0.21784232365145229 0.828838174273859 0.1991701244813278 0.34232365145228216
4 0.7341493775933611 0.41925311203319504 0.17367219917012455 0.09064315352697094
2 0.725103734439834 0.7157676348547718 0.2883817427385892 0.5684647302904564
2 0.483402489626556 0.774896265560166 0.5394190871369294 0.45020746887966806
2 0.2012448132780083 0.7655601659751037 0.2821576763485477 0.46887966804979253
2 0.10062240663900415 0.803941908713693 0.2012448132780083 0.3921161825726141