1 0.91712890625 0.51626953125 0.16574218750000003 0.30058593749999996
1 0.75853515625 0.43328125 0.20011718750000007 0.23226562500000003
1 0.4951171875 0.4737109375 0.33826171875000005 0.469375
1 0.336796875 0.29705078125 0.29970703125 0.31134765625000005
3 0.57275390625 0.910625 0.6070117187499999 0.1750390625
3 0.92271484375 0.899453125 0.15457031249999997 0.1973632812499999
3 0.30564453125 0.81552734375 0.33785156250000004 0.36894531249999996
3 0.78201171875 0.83435546875 0.1866210937499999 0.3312890625
4 0.2951953125 0.443515625 0.16349609374999996 0.08533203125
2 0.30494140625 0.72763671875 0.27228515624999994 0.5447265625
2 0.5318359375 0.7834375 0.5084375000000001 0.433125
2 0.79783203125 0.77505859375 0.26472656249999993 0.4498632812500001
2 0.8984375 0.810546875 0.203125 0.37890625