1 0.25015021459227466 0.28772532188841204 0.10300429184549356 0.09433476394849781
1 0.5633261802575107 0.4800429184549356 0.06716738197424883 0.10806866952789702
1 0.7799356223175965 0.29894849785407723 0.12025751072961366 0.0984334763948498
1 0.3561587982832618 0.313519313304721 0.04832618025751069 0.08768240343347643
1 0.529098712446352 0.3605150214592275 0.13358369098712447 0.07744635193133054
1 0.6315236051502147 0.24609442060085837 0.05948497854077259 0.04480686695278969
3 0.24274678111587983 0.5106866952789699 0.21386266094420595 0.29195278969957084
3 0.5587124463519314 0.6417167381974249 0.18057939914163085 0.2811587982832618
3 0.842510729613734 0.5152789699570816 0.2300643776824035 0.2990772532188841
3 0.6463304721030043 0.3610085836909871 0.07686695278969968 0.15203862660944198
2 0.23819742489270387 0.6545064377682404 0.2532188841201717 0.6909871244635193
2 0.8530042918454935 0.6824034334763949 0.2939914163090129 0.6351931330472103
2 0.6491416309012875 0.3985622317596566 0.08553648068669531 0.22405579399141637