1 0.7570286885245902 0.2706557377049181 0.09836065573770492 0.0900819672131147
1 0.45797131147540987 0.45430327868852455 0.06413934426229499 0.10319672131147543
1 0.2511270491803279 0.2813729508196721 0.11483606557377042 0.09399590163934426
1 0.6557991803278688 0.29528688524590163 0.04614754098360652 0.08372950819672134
1 0.49065573770491805 0.3401639344262295 0.12756147540983606 0.07395491803278695
1 0.39284836065573764 0.2309016393442623 0.056803278688524646 0.04278688524590163
3 0.7640983606557377 0.4835655737704918 0.20422131147540978 0.2787909836065574
3 0.46237704918032785 0.608688524590164 0.1724385245901639 0.268483606557377
3 0.1913729508196721 0.48795081967213116 0.21969262295081976 0.285594262295082
3 0.3787090163934426 0.34063524590163935 0.0734016393442624 0.14518442622950814
2 0.7672745901639344 0.6420491803278688 0.24178278688524593 0.7011680327868851
2 0.16086065573770492 0.6567622950819673 0.32172131147540983 0.625
2 0.3760245901639344 0.37649590163934427 0.08168032786885249 0.21395491803278693