1 0.24916015625 0.283359375 0.09375 0.08585937499999999
1 0.53419921875 0.4583984375 0.06113281249999991 0.09835937500000003
1 0.73134765625 0.29357421875 0.10945312499999993 0.08958984375000001
1 0.34564453125 0.3068359375 0.043984374999999964 0.07980468750000003
1 0.503046875 0.349609375 0.12158203125 0.07048828125000006
1 0.59626953125 0.24546875 0.05414062500000005 0.04078124999999999
3 0.242421875 0.4862890625 0.19464843749999997 0.26572265625
3 0.53 0.605546875 0.16435546874999996 0.25589843749999996
3 0.78830078125 0.49046875 0.20939453125000007 0.27220703125
3 0.60974609375 0.35005859375 0.0699609375000001 0.13837890624999993
2 0.23939453125 0.63734375 0.23044921875000002 0.6683007812499999
2 0.8233984375 0.6529296875 0.31587890625000004 0.59623046875
2 0.6123046875 0.38423828125 0.07785156250000003 0.20392578125000005