1 0.21581140350877193 0.4137280701754386 0.07133771929824562 0.07703947368421052
1 0.027412280701754384 0.43530701754385964 0.05482456140350877 0.08991228070175439
1 0.3901754385964912 0.5998464912280701 0.05668859649122812 0.07017543859649122
1 0.5455043859649122 0.46072368421052634 0.08223684210526316 0.08328947368421057
1 0.9846491228070176 0.0800438596491228 0.03070175438596491 0.08114035087719298
1 0.5765570175438597 0.6335087719298246 0.05978070175438595 0.10932017543859654
1 0.6423464912280702 0.5063815789473685 0.066030701754386 0.08379385964912277
1 0.39826754385964913 0.4685526315789474 0.03839912280701752 0.048837719298245576
1 0.13149122807017544 0.5463157894736842 0.0499561403508772 0.09160087719298242
3 0.9703947368421053 0.22916666666666666 0.05921052631578947 0.19517543859649122
3 0.6684429824561403 0.611578947368421 0.13701754385964915 0.1657017543859648
3 0.2330263157894737 0.5695394736842104 0.11206140350877192 0.2038377192982457
3 0.046052631578947366 0.5975877192982456 0.09210526315789473 0.23464912280701755
3 0.31787280701754383 0.6032236842105263 0.059320175438596516 0.08635964912280701
3 0.3818421052631579 0.5275438596491228 0.0525 0.0665570175438597
3 0.7992324561403509 0.6055701754385965 0.12603070175438602 0.1631140350877193
2 0.039473684210526314 0.5307017543859649 0.07894736842105263 0.3991228070175439
2 0.21214912280701753 0.5228070175438596 0.14548245614035088 0.3641228070175439
2 0.35572368421052636 0.6298464912280701 0.12561403508771937 0.17719298245614026
2 0.5522807017543859 0.5695394736842104 0.09578947368421041 0.3228508771929825
2 0.6694956140350877 0.583377192982456 0.11403508771929824 0.2784868421052632
2 0.9517543859649122 0.2807017543859649 0.09649122807017543 0.5
2 0.8028728070175439 0.5969517543859648 0.17092105263157906 0.27429824561403515
2 0.3815789473684211 0.48368421052631577 0.06765350877192987 0.1480043859649123