1 0.20197265625 0.4016796875 0.06353515625 0.06861328124999999
1 0.03365234375 0.4212109375 0.05056640625 0.07976562499999995
1 0.357265625 0.56744140625 0.050488281250000044 0.0625
1 0.49560546875 0.44353515625 0.0732421875 0.07417968750000004
1 0.90990234375 0.1055078125 0.07035156249999996 0.07337890625000001
1 0.52326171875 0.597421875 0.05324218749999998 0.09736328125000004
1 0.58185546875 0.48419921875 0.05880859375000003 0.07462890624999996
1 0.36447265625 0.4505078125 0.03419921874999998 0.043496093749999964
1 0.126875 0.519765625 0.0444921875 0.08158203124999996
3 0.88849609375 0.2377734375 0.07779296875000008 0.17330078124999998
3 0.60509765625 0.577890625 0.12203125000000004 0.1475781249999999
3 0.2173046875 0.54044921875 0.09980468749999999 0.18154296875000003
3 0.04621093749999999 0.56625 0.09240234375 0.20802734374999998
3 0.29287109375 0.57044921875 0.05283203125000002 0.07691406249999999
3 0.34984375 0.503046875 0.046757812499999996 0.059277343750000044
3 0.72158203125 0.5725390625 0.11224609375000005 0.1452734375
2 0.040625 0.50626953125 0.08125 0.35589843750000005
2 0.1987109375 0.498828125 0.1295703125 0.32429687500000004
2 0.32658203125 0.59416015625 0.11187500000000006 0.1578124999999999
2 0.501640625 0.54044921875 0.08531249999999996 0.28753906250000005
2 0.60603515625 0.5527734375 0.1015625 0.24802734375000002
2 0.8824609375 0.28447265625 0.13265624999999992 0.44621093749999996
2 0.72482421875 0.56486328125 0.1522265625000001 0.24429687500000002
2 0.349609375 0.463984375 0.060253906250000044 0.13181640625000002