1 0.1947142857142857 0.5945714285714286 0.06638775510204081 0.0716938775510204
1 0.022448979591836733 0.5744897959183674 0.044897959183673466 0.0836734693877551
1 0.35697959183673467 0.4213673469387756 0.052755102040816376 0.0653061224489796
1 0.5015306122448979 0.5508367346938775 0.07653061224489796 0.07751020408163269
1 0.9344285714285714 0.9040408163265307 0.07351020408163261 0.07667346938775521
1 0.5304285714285715 0.39004081632653065 0.055632653061224474 0.10173469387755106
1 0.5916530612244898 0.5083469387755102 0.06144897959183676 0.07797959183673465
1 0.3645102040816327 0.5435510204081633 0.035734693877551 0.0454489795918367
1 0.11624489795918366 0.4711836734693877 0.04648979591836735 0.08524489795918364
3 0.912061224489796 0.7658367346938776 0.08128571428571436 0.18108163265306126
3 0.615938775510204 0.41044897959183674 0.1275102040816327 0.15420408163265295
3 0.21073469387755103 0.4495714285714286 0.10428571428571427 0.1896938775510205
3 0.03979591836734694 0.42346938775510207 0.07959183673469387 0.21836734693877552
3 0.2896938775510204 0.41822448979591836 0.055204081632653085 0.0803673469387755
3 0.34922448979591836 0.4886530612244898 0.048857142857142856 0.06193877551020413
3 0.7376530612244898 0.4160408163265306 0.11728571428571434 0.15179591836734693
2 0.0336734693877551 0.4857142857142857 0.0673469387755102 0.37142857142857144
2 0.19130612244897957 0.4930612244897959 0.13538775510204082 0.3388571428571429
2 0.3249183673469388 0.3934489795918368 0.11689795918367353 0.16489795918367336
2 0.5078367346938775 0.4495714285714286 0.08914285714285704 0.3004489795918368
2 0.6169183673469388 0.43669387755102046 0.10612244897959183 0.2591632653061225
2 0.9057551020408163 0.7170408163265306 0.1386122448979591 0.4662448979591837
2 0.7410408163265306 0.42406122448979594 0.15906122448979604 0.2552653061224491
2 0.3489795918367347 0.529469387755102 0.06295918367346943 0.13773469387755105