1 0.18220703124999998 0.14384765625 0.26673828125 0.24771484374999997
1 0.5053515625 0.11015625 0.2824609375 0.22029296875
1 0.838515625 0.11666015625 0.2930859375000001 0.2240234375
3 0.12896484375 0.73251953125 0.25791015625 0.5349609375
3 0.41560546875 0.67880859375 0.2759765625 0.6423828125
3 0.822265625 0.69275390625 0.35546875 0.6144921875
0 0.21607421875 0.51001953125 0.11937500000000001 0.12623046875
0 0.559921875 0.46025390625 0.18484374999999997 0.18855468750000004
2 0.163984375 0.63416015625 0.322109375 0.7316796875
2 0.5048046875 0.60765625 0.34527343749999995 0.7846875
2 0.82861328125 0.6216015625 0.3427734375 0.756796875