1 0.16589795918367345 0.868061224489796 0.2787142857142857 0.2588367346938774
1 0.503061224489796 0.8948979591836734 0.29591836734693877 0.21020408163265306
1 0.8489795918367347 0.889795918367347 0.3020408163265306 0.22040816326530613
3 0.12244897959183673 0.26632653061224487 0.24489795918367346 0.5326530612244897
3 0.4091836734693878 0.3224489795918367 0.28775510204081634 0.6448979591836734
3 0.8244897959183674 0.3081632653061224 0.3510204081632653 0.6163265306122448
0 0.2012857142857143 0.48544897959183675 0.12473469387755103 0.13189795918367345
0 0.5605714285714286 0.5374489795918368 0.19314285714285712 0.19702040816326524
2 0.15714285714285714 0.3693877551020408 0.3142857142857143 0.7387755102040816
2 0.5020408163265306 0.39693877551020407 0.35918367346938773 0.7938775510204081
2 0.8306122448979592 0.3826530612244898 0.33877551020408164 0.7653061224489796