1 0.17584745762711865 0.1059322033898305 0.288135593220339 0.211864406779661
1 0.5264830508474576 0.07944915254237288 0.3072033898305085 0.15889830508474576
1 0.864406779661017 0.0847457627118644 0.2711864406779661 0.1694915254237288
3 0.1292372881355932 0.7129237288135594 0.2584745762711864 0.5741525423728814
3 0.4290254237288136 0.6546610169491526 0.298728813559322 0.690677966101695
3 0.8389830508474576 0.6694915254237288 0.3220338983050847 0.6610169491525424
0 0.21319915254237287 0.47485169491525425 0.12949152542372883 0.13692796610169491
0 0.5861864406779661 0.4208686440677966 0.20050847457627116 0.20453389830508478
2 0.1652542372881356 0.6059322033898306 0.3305084745762712 0.788135593220339
2 0.5254237288135594 0.5773305084745762 0.3728813559322034 0.8453389830508474
2 0.8453389830508474 0.5921610169491526 0.3093220338983051 0.815677966101695