1 0.25843881856540085 0.1350210970464135 0.27637130801687765 0.270042194092827
1 0.633902953586498 0.26434599156118144 0.2171940928270043 0.3167299578059072
1 0.8649789029535865 0.11181434599156118 0.270042194092827 0.22362869198312235
4 0.22031645569620253 0.15187763713080168 0.12236286919831224 0.10383966244725738
4 0.6125738396624473 0.30430379746835445 0.18957805907172998 0.08016877637130802
4 0.8270253164556962 0.14259493670886075 0.2025738396624472 0.09227848101265824
3 0.2289029535864979 0.6687763713080169 0.37341772151898733 0.6624472573839663
3 0.5967510548523207 0.7381645569620253 0.22122362869198314 0.48778481012658237
3 0.879746835443038 0.6244725738396625 0.24050632911392406 0.6708860759493671
2 0.23628691983122363 0.6065400843881856 0.4050632911392405 0.7869198312236287
2 0.6033755274261603 0.6561181434599156 0.3080168776371308 0.6877637130801688
2 0.870253164556962 0.6075949367088608 0.25949367088607594 0.7848101265822784