1 0.28125 0.16408203125 0.256484375 0.29095703125
1 0.62787109375 0.3033203125 0.2010742187500001 0.29322265625
1 0.856875 0.1341015625 0.27679687500000005 0.26351562500000003
4 0.24498046875 0.19919921875 0.11328125 0.0961328125
4 0.608125 0.3403125 0.17550781250000003 0.07421875
4 0.80666015625 0.19060546875 0.18753906249999996 0.08542968750000002
3 0.25380859375 0.6818359375 0.34669921875 0.6214648437500001
3 0.5934765625 0.74197265625 0.20480468750000003 0.45158203125000007
3 0.87248046875 0.63828125 0.2550195312500001 0.62177734375
2 0.26123046875 0.62857421875 0.37458984374999993 0.7428320312500001
2 0.599609375 0.673828125 0.28515625 0.65234375
2 0.86412109375 0.6294140625 0.2717578125 0.741171875