1 0.7379032258064516 0.169375 0.2647580645161289 0.3003427419354839
1 0.38010080645161287 0.3131048387096774 0.20756048387096784 0.3026814516129032
1 0.14370967741935478 0.1384274193548387 0.28572580645161294 0.2720161290322581
4 0.7753427419354838 0.205625 0.11693548387096774 0.09923387096774193
4 0.4004838709677419 0.3512903225806452 0.18116935483870972 0.07661290322580645
4 0.1955443548387097 0.1967540322580645 0.1935887096774193 0.08818548387096777
3 0.7671370967741935 0.6915322580645161 0.35685483870967744 0.6169354838709677
3 0.4156048387096774 0.7659072580645161 0.21141129032258069 0.4661491935483872
3 0.13004032258064516 0.657258064516129 0.2600806451612903 0.6411290322580645
2 0.7600806451612904 0.6320564516129032 0.3870967741935484 0.7358870967741935
2 0.4092741935483871 0.6794354838709677 0.29435483870967744 0.6411290322580645
2 0.13911290322580644 0.6330645161290323 0.2782258064516129 0.7338709677419355