1 0.7859126984126985 0.2673809523809524 0.2615079365079364 0.29742063492063486
1 0.5419246031746031 0.3113095238095238 0.157063492063492 0.20388888888888887
1 0.08134920634920635 0.08928571428571429 0.1626984126984127 0.17857142857142858
2 0.7787698412698413 0.6458333333333334 0.42658730158730157 0.7083333333333334
2 0.4732142857142857 0.6746031746031746 0.29563492063492064 0.6507936507936508
2 0.1111111111111111 0.5902777777777778 0.2222222222222222 0.8194444444444444
3 0.8323412698412699 0.7202380952380952 0.26785714285714285 0.5595238095238095
3 0.5198412698412699 0.7638888888888888 0.2896825396825397 0.4722222222222222
3 0.09027777777777778 0.6805555555555556 0.18055555555555555 0.6388888888888888
4 0.7067857142857144 0.3643849206349207 0.09948412698412695 0.07166666666666667
4 0.532718253968254 0.4097420634920635 0.1443055555555556 0.07164682539682542
4 0.12224206349206351 0.21301587301587302 0.11492063492063484 0.06652777777777778