1 0.22130801687763715 0.7452320675105485 0.2780590717299578 0.31624472573839657
1 0.4807383966244726 0.698523206751055 0.16700421940928264 0.21679324894514765
1 0.9419831223628692 0.919831223628692 0.1160337552742616 0.16033755274261605
2 0.2289029535864979 0.35970464135021096 0.45358649789029537 0.7194092827004219
2 0.5537974683544303 0.3291139240506329 0.3143459915611814 0.6582278481012658
2 0.9103375527426161 0.41877637130801687 0.17932489451476794 0.8375527426160337
3 0.1719409282700422 0.2805907172995781 0.2848101265822785 0.5611814345991561
3 0.5042194092827004 0.23417721518987342 0.3080168776371308 0.46835443037974683
3 0.9324894514767933 0.3227848101265823 0.1350210970464135 0.6455696202531646
4 0.30544303797468353 0.6420886075949368 0.10578059071729955 0.07620253164556963
4 0.4905274261603375 0.5938607594936709 0.15343881856540087 0.07618143459915615
4 0.9269831223628692 0.8030379746835443 0.12219409282700414 0.07073839662447251