1 0.2166015625 0.271015625 0.257421875 0.29277343749999996
1 0.45677734375 0.3142578125 0.15460937499999994 0.20070312499999998
1 0.9150390625 0.09294921875 0.169921875 0.1821875
2 0.2244921875 0.64810546875 0.42017578125 0.7037695312500001
2 0.52626953125 0.676015625 0.29083984374999994 0.64796875
2 0.8857421875 0.5927734375 0.228515625 0.814453125
3 0.17244140625000004 0.72142578125 0.2639453125 0.5571484375
3 0.47955078125 0.76396484375 0.28386718749999995 0.4720507812500001
3 0.90666015625 0.68029296875 0.1866601562500001 0.6311328125
4 0.2944921875 0.36650390625 0.09792968749999997 0.07054687500000001
4 0.46583984375 0.41115234375 0.14205078125000004 0.07052734375000003
4 0.86990234375 0.2175 0.11312499999999992 0.06548828125