1 0.48641078838174273 0.8875311203319503 0.21508298755186714 0.1776970954356846
1 0.1991701244813278 0.9076763485477178 0.2863070539419087 0.18464730290456433
3 0.4315975103734439 0.4008713692946059 0.3780705394190872 0.6619917012448131
3 0.13174273858921162 0.3755186721991701 0.26348547717842324 0.6514522821576764
1 0.7617634854771783 0.47464730290456425 0.11786307053941897 0.13802904564315346
3 0.7728215767634855 0.19190871369294607 0.23443983402489627 0.38381742738589214
4 0.7899170124481328 0.4452697095435685 0.1089834024896265 0.08122406639004144
4 0.4698547717842324 0.7897510373443982 0.15630705394190877 0.05912863070539419
4 0.25993775933609964 0.8065352697095436 0.11970954356846482 0.06703319502074677
2 0.779045643153527 0.22406639004149378 0.27593360995850624 0.44813278008298757
2 0.48651452282157676 0.4107883817427386 0.3215767634854772 0.8215767634854771
2 0.18153526970954356 0.4107883817427386 0.3630705394190871 0.8215767634854771