1 0.53232421875 0.14689453125 0.20248046874999998 0.16728515625
1 0.8029296875 0.12548828125 0.2693749999999999 0.1803125
3 0.58392578125 0.6050390625 0.35591796875000004 0.6232031249999999
3 0.87109375 0.63060546875 0.2578125 0.6129687499999998
1 0.27310546875 0.5355859375 0.11095703125 0.12994140624999995
3 0.26380859375 0.811328125 0.22068359375000002 0.3773242187500001
4 0.2466015625 0.5632421875 0.10259765625 0.07646484374999996
4 0.54791015625 0.2389453125 0.14714843750000006 0.0556640625
4 0.74552734375 0.22314453125 0.11269531250000009 0.06310546875
2 0.25822265625 0.78064453125 0.25974609375 0.4387109375
2 0.53279296875 0.60505859375 0.30384765625000004 0.7898828124999999
2 0.82435546875 0.60505859375 0.3512890625 0.7898828124999999