1 0.4587349397590361 0.8670481927710844 0.20817269076305212 0.17198795180722887
1 0.1805220883534136 0.8890562248995983 0.27694779116465856 0.18538152610441755
3 0.4056827309236947 0.3960240963855422 0.3659236947791165 0.6407228915662649
3 0.1214859437751004 0.3714859437751004 0.2429718875502008 0.6305220883534136
1 0.7252409638554216 0.46742971887550194 0.11407630522088343 0.1335943775100401
3 0.7359437751004017 0.1897590361445783 0.22690763052208834 0.3795180722891566
4 0.7524899598393574 0.43899598393574296 0.10548192771084332 0.07861445783132526
4 0.44271084337349403 0.7724096385542168 0.15128514056224907 0.0572289156626506
4 0.2395381526104418 0.7886546184738956 0.11586345381526114 0.06487951807228905
2 0.7419678714859438 0.22088353413654618 0.26706827309236947 0.44176706827309237
2 0.45883534136546184 0.40160642570281124 0.3112449799196787 0.8032128514056225
2 0.16967871485943775 0.40160642570281124 0.3393574297188755 0.8032128514056225